%parameters


l1 = 30*10^-2;
l2 = 40*10^-2;
